|Run	|Epoch	|Trial	$TrialName	#Err	#SSE	#AvgSSE	#CosDiff	#DA	#AbsDA	#RewPred	#Input[2:0,0]<2:1,10>	#Input[2:0,1]	#Input[2:0,2]	#Input[2:0,3]	#Input[2:0,4]	#Input[2:0,5]	#Input[2:0,6]	#Input[2:0,7]	#Input[2:0,8]	#Input[2:0,9]	#Output[2:0,0]<2:1,10>	#Output[2:0,1]	#Output[2:0,2]	#Output[2:0,3]	#Output[2:0,4]	#Output[2:0,5]	#Output[2:0,6]	#Output[2:0,7]	#Output[2:0,8]	#Output[2:0,9]	#GPiThal[4:0,0,0,0]<4:2,4,1,1>	#GPiThal[4:0,1,0,0]	#GPiThal[4:0,2,0,0]	#GPiThal[4:0,3,0,0]	#GPiThal[4:1,0,0,0]	#GPiThal[4:1,1,0,0]	#GPiThal[4:1,2,0,0]	#GPiThal[4:1,3,0,0]	#PFCmntD[4:0,0,0,0]<4:2,2,1,10>	#PFCmntD[4:0,0,0,1]	#PFCmntD[4:0,0,0,2]	#PFCmntD[4:0,0,0,3]	#PFCmntD[4:0,0,0,4]	#PFCmntD[4:0,0,0,5]	#PFCmntD[4:0,0,0,6]	#PFCmntD[4:0,0,0,7]	#PFCmntD[4:0,0,0,8]	#PFCmntD[4:0,0,0,9]	#PFCmntD[4:0,1,0,0]	#PFCmntD[4:0,1,0,1]	#PFCmntD[4:0,1,0,2]	#PFCmntD[4:0,1,0,3]	#PFCmntD[4:0,1,0,4]	#PFCmntD[4:0,1,0,5]	#PFCmntD[4:0,1,0,6]	#PFCmntD[4:0,1,0,7]	#PFCmntD[4:0,1,0,8]	#PFCmntD[4:0,1,0,9]	#PFCmntD[4:1,0,0,0]	#PFCmntD[4:1,0,0,1]	#PFCmntD[4:1,0,0,2]	#PFCmntD[4:1,0,0,3]	#PFCmntD[4:1,0,0,4]	#PFCmntD[4:1,0,0,5]	#PFCmntD[4:1,0,0,6]	#PFCmntD[4:1,0,0,7]	#PFCmntD[4:1,0,0,8]	#PFCmntD[4:1,0,0,9]	#PFCmntD[4:1,1,0,0]	#PFCmntD[4:1,1,0,1]	#PFCmntD[4:1,1,0,2]	#PFCmntD[4:1,1,0,3]	#PFCmntD[4:1,1,0,4]	#PFCmntD[4:1,1,0,5]	#PFCmntD[4:1,1,0,6]	#PFCmntD[4:1,1,0,7]	#PFCmntD[4:1,1,0,8]	#PFCmntD[4:1,1,0,9]	#PFCoutD[4:0,0,0,0]<4:2,2,1,10>	#PFCoutD[4:0,0,0,1]	#PFCoutD[4:0,0,0,2]	#PFCoutD[4:0,0,0,3]	#PFCoutD[4:0,0,0,4]	#PFCoutD[4:0,0,0,5]	#PFCoutD[4:0,0,0,6]	#PFCoutD[4:0,0,0,7]	#PFCoutD[4:0,0,0,8]	#PFCoutD[4:0,0,0,9]	#PFCoutD[4:0,1,0,0]	#PFCoutD[4:0,1,0,1]	#PFCoutD[4:0,1,0,2]	#PFCoutD[4:0,1,0,3]	#PFCoutD[4:0,1,0,4]	#PFCoutD[4:0,1,0,5]	#PFCoutD[4:0,1,0,6]	#PFCoutD[4:0,1,0,7]	#PFCoutD[4:0,1,0,8]	#PFCoutD[4:0,1,0,9]	#PFCoutD[4:1,0,0,0]	#PFCoutD[4:1,0,0,1]	#PFCoutD[4:1,0,0,2]	#PFCoutD[4:1,0,0,3]	#PFCoutD[4:1,0,0,4]	#PFCoutD[4:1,0,0,5]	#PFCoutD[4:1,0,0,6]	#PFCoutD[4:1,0,0,7]	#PFCoutD[4:1,0,0,8]	#PFCoutD[4:1,0,0,9]	#PFCoutD[4:1,1,0,0]	#PFCoutD[4:1,1,0,1]	#PFCoutD[4:1,1,0,2]	#PFCoutD[4:1,1,0,3]	#PFCoutD[4:1,1,0,4]	#PFCoutD[4:1,1,0,5]	#PFCoutD[4:1,1,0,6]	#PFCoutD[4:1,1,0,7]	#PFCoutD[4:1,1,0,8]	#PFCoutD[4:1,1,0,9]	#OutDecode
0	-1	0	Ignore_B_mnt_@_rew_0	1	2.391	0.2391	-0.1147	0	0	0.01	1.495e-05	0.007167	0.291	0.95	0.291	0.007167	1.495e-05	2.638e-09	3.943e-14	4.989e-20	1.363e-10	5.135e-08	3.65e-08	0.0001292	0.8523	4.556e-08	0.002491	0.7364	1.105e-06	0.7942	0.9805	0.983	0.9562	1.401e-45	0.01009	1.401e-45	0.009711	0.9813	5.189e-36	5.145e-36	0.752	0.9794	0.752	9.049e-05	0.0001179	9.048e-05	1.401e-45	1.401e-45	5.189e-36	5.145e-36	0.752	0.9794	0.752	9.049e-05	0.0001179	9.048e-05	1.401e-45	1.401e-45	0.9816	0.9734	1.401e-45	1.401e-45	1.401e-45	1.401e-45	1.401e-45	1.401e-45	1.401e-45	1.401e-45	0.9816	0.9734	1.401e-45	1.401e-45	1.401e-45	1.401e-45	1.401e-45	1.401e-45	1.401e-45	1.401e-45	2.971e-24	2.971e-24	1.402e-08	1.403e-08	1.402e-08	0.9681	0.9692	0.9681	1.401e-45	1.401e-45	1.401e-45	1.401e-45	1.401e-45	1.401e-45	1.401e-45	1.401e-45	1.401e-45	1.401e-45	1.401e-45	1.401e-45	1.401e-45	1.401e-45	1.401e-45	1.401e-45	1.401e-45	1.401e-45	1.401e-45	1.401e-45	1.401e-45	1.401e-45	0.9789	0.9789	1.401e-45	1.401e-45	1.401e-45	1.401e-45	1.401e-45	1.401e-45	1.401e-45	1.401e-45	2.198
0	-1	1	Ignore_A_mnt_@_rew_0	1	2.52	0.252	-0.2347	0	0	0.01	0.95	0.291	0.007167	1.495e-05	2.638e-09	3.943e-14	4.989e-20	5.344e-27	4.846e-35	0	8.244e-07	0.0009451	0.06307	4.183e-08	0.06343	1.684e-11	0.0009293	0.8697	7.206e-06	0.9282	0.9805	0.983	0.9562	1.401e-45	0.01021	1.401e-45	0.01942	0.9813	0.9814	0.9731	9.049e-05	0.0001179	9.049e-05	1.897e-20	2.471e-20	1.897e-20	1.401e-45	1.401e-45	0.9814	0.9731	9.049e-05	0.0001179	9.049e-05	1.897e-20	2.471e-20	1.897e-20	1.401e-45	1.401e-45	0.9816	0.9734	1.401e-45	1.401e-45	1.401e-45	1.401e-45	1.401e-45	1.401e-45	1.401e-45	1.401e-45	0.9816	0.9734	1.401e-45	1.401e-45	1.401e-45	1.401e-45	1.401e-45	1.401e-45	1.401e-45	1.401e-45	6.226e-40	6.226e-40	0.9681	0.9692	0.9681	1.402e-08	1.403e-08	1.402e-08	1.401e-45	1.401e-45	1.401e-45	1.401e-45	1.401e-45	1.401e-45	1.401e-45	1.401e-45	1.401e-45	1.401e-45	1.401e-45	1.401e-45	1.401e-45	1.401e-45	1.401e-45	1.401e-45	1.401e-45	1.401e-45	1.401e-45	1.401e-45	1.401e-45	1.401e-45	0.9789	0.9789	1.401e-45	1.401e-45	1.401e-45	1.401e-45	1.401e-45	1.401e-45	1.401e-45	1.401e-45	2.678
0	-1	2	Ignore_D_mnt_@_rew_0	1	0.6894	0.06894	0.6665	0	0	0.01	0	4.846e-35	5.344e-27	4.989e-20	3.943e-14	2.638e-09	1.495e-05	0.007167	0.291	0.95	1.932e-09	0.0002584	2.186e-09	3.059e-08	0.1835	1.715e-09	0.006416	0.8374	0.1647	0.899	0.9805	0.983	0.9562	1.401e-45	0.01014	1.401e-45	0.01316	0.9813	0.0001181	0.0001171	1.897e-20	2.471e-20	1.897e-20	3.976e-36	5.178e-36	3.975e-36	0.9731	0.9814	0.0001181	0.0001171	1.897e-20	2.471e-20	1.897e-20	3.976e-36	5.178e-36	3.975e-36	0.9731	0.9814	0.9816	0.9734	1.401e-45	1.401e-45	1.401e-45	1.401e-45	1.401e-45	1.401e-45	1.401e-45	1.401e-45	0.9816	0.9734	1.401e-45	1.401e-45	1.401e-45	1.401e-45	1.401e-45	1.401e-45	1.401e-45	1.401e-45	0.9789	0.9789	1.402e-08	1.403e-08	1.402e-08	2.938e-24	2.941e-24	2.938e-24	1.401e-45	1.401e-45	1.401e-45	1.401e-45	1.401e-45	1.401e-45	1.401e-45	1.401e-45	1.401e-45	1.401e-45	1.401e-45	1.401e-45	1.401e-45	1.401e-45	1.401e-45	1.401e-45	1.401e-45	1.401e-45	1.401e-45	1.401e-45	1.401e-45	1.401e-45	0.9789	0.9789	1.401e-45	1.401e-45	1.401e-45	1.401e-45	1.401e-45	1.401e-45	1.401e-45	1.401e-45	2.559
0	-1	3	Ignore_C_mnt_@_rew_0	1	0.3629	0.03629	0.7076	0	0	0.01	4.989e-20	3.943e-14	2.638e-09	1.495e-05	0.007167	0.291	0.95	0.291	0.007167	1.495e-05	1.046e-08	9.258e-05	0.0007011	1.136e-07	0.4397	1.374e-10	0.8162	0.8934	0.0001155	4.057e-06	0.9805	0.983	0.9562	1.401e-45	0.01009	1.401e-45	0.009711	0.9813	2.476e-20	2.455e-20	3.975e-36	5.178e-36	3.975e-36	0.7521	0.9795	0.752	0.0001171	0.0001181	2.476e-20	2.455e-20	3.975e-36	5.178e-36	3.975e-36	0.7521	0.9795	0.752	0.0001171	0.0001181	0.9816	0.9734	1.401e-45	1.401e-45	1.401e-45	1.401e-45	1.401e-45	1.401e-45	1.401e-45	1.401e-45	0.9816	0.9734	1.401e-45	1.401e-45	1.401e-45	1.401e-45	1.401e-45	1.401e-45	1.401e-45	1.401e-45	1.417e-08	1.417e-08	2.938e-24	2.941e-24	2.938e-24	6.157e-40	6.164e-40	6.157e-40	0.9789	0.9789	1.401e-45	1.401e-45	1.401e-45	1.401e-45	1.401e-45	1.401e-45	1.401e-45	1.401e-45	1.401e-45	1.401e-45	1.401e-45	1.401e-45	1.401e-45	1.401e-45	1.401e-45	1.401e-45	1.401e-45	1.401e-45	1.401e-45	1.401e-45	0.9789	0.9789	1.401e-45	1.401e-45	1.401e-45	1.401e-45	1.401e-45	1.401e-45	1.401e-45	1.401e-45	2.002
0	-1	4	Store_A_mnt_A_rew_0	1	1.088	0.1088	0.3296	0	0	0.01	0.95	0.291	0.007167	1.495e-05	2.638e-09	3.943e-14	4.989e-20	5.344e-27	4.846e-35	0	0.606	4.459e-11	0.0008858	0.006023	0.6337	2.384e-09	0.1457	0.8284	2.318e-12	0.009529	0.9728	0.97	7.628e-12	0.9172	0.9631	0.969	2.328e-12	0.9747	0.9814	0.9731	1.401e-45	1.401e-45	1.401e-45	9.049e-05	0.0001179	9.048e-05	2.455e-20	2.476e-20	0.9814	0.9731	1.401e-45	1.401e-45	1.401e-45	9.049e-05	0.0001179	9.048e-05	2.455e-20	2.476e-20	0.9816	0.9734	1.401e-45	1.401e-45	1.401e-45	1.401e-45	1.401e-45	1.401e-45	1.401e-45	1.401e-45	0.9816	0.9734	1.401e-45	1.401e-45	1.401e-45	1.401e-45	1.401e-45	1.401e-45	1.401e-45	1.401e-45	2.971e-24	2.971e-24	6.157e-40	6.164e-40	6.157e-40	1.401e-45	1.401e-45	1.401e-45	1.418e-08	1.418e-08	1.401e-45	1.401e-45	1.401e-45	1.401e-45	1.401e-45	0.9717	0.973	0.9717	1.401e-45	1.401e-45	1.401e-45	1.401e-45	1.401e-45	1.401e-45	1.401e-45	1.401e-45	1.401e-45	1.401e-45	1.401e-45	1.401e-45	0.9789	0.9789	1.401e-45	1.401e-45	1.401e-45	1.401e-45	1.401e-45	1.401e-45	1.401e-45	1.401e-45	1.386
0	-1	5	Ignore_D_mnt_A_rew_0	1	0.6893	0.06893	0.6667	0	0	0.01	0	4.846e-35	5.344e-27	4.989e-20	3.943e-14	2.638e-09	1.495e-05	0.007167	0.291	0.95	1.925e-09	0.0002653	8.49e-12	3.058e-08	0.1836	1.71e-09	0.006187	0.8374	0.1654	0.8989	0.9804	0.9829	0.9559	6.659e-12	0.007758	1.183e-11	0.01989	0.9811	0.0001181	0.0001171	1.401e-45	1.401e-45	1.401e-45	1.897e-20	2.471e-20	1.897e-20	0.9731	0.9814	0.0001181	0.0001171	1.401e-45	1.401e-45	1.401e-45	1.897e-20	2.471e-20	1.897e-20	0.9731	0.9814	0.9816	0.9734	1.401e-45	1.401e-45	1.401e-45	1.401e-45	1.401e-45	1.401e-45	1.401e-45	1.401e-45	0.9816	0.9734	1.401e-45	1.401e-45	1.401e-45	1.401e-45	1.401e-45	1.401e-45	1.401e-45	1.401e-45	0.981	0.981	1.401e-45	1.401e-45	1.401e-45	1.401e-45	1.401e-45	1.401e-45	2.971e-24	2.971e-24	1.401e-45	1.401e-45	1.401e-45	1.401e-45	1.401e-45	1.407e-08	1.409e-08	1.407e-08	1.401e-45	1.401e-45	1.401e-45	1.401e-45	1.401e-45	1.401e-45	1.401e-45	1.401e-45	1.401e-45	1.401e-45	1.401e-45	1.401e-45	0.9789	0.9789	1.401e-45	1.401e-45	1.401e-45	1.401e-45	1.401e-45	1.401e-45	1.401e-45	1.401e-45	2.559
0	-1	6	Ignore_C_mnt_A_rew_0	1	0.3629	0.03629	0.7076	0	0	0.01	4.989e-20	3.943e-14	2.638e-09	1.495e-05	0.007167	0.291	0.95	0.291	0.007167	1.495e-05	1.046e-08	9.259e-05	0.0007011	1.136e-07	0.4396	1.374e-10	0.8162	0.8934	0.0001155	4.058e-06	0.9805	0.983	0.9562	1.396e-27	0.01026	2.48e-27	0.01972	0.9813	2.476e-20	2.455e-20	1.401e-45	1.401e-45	1.401e-45	0.7521	0.9795	0.752	0.0001171	0.0001181	2.476e-20	2.455e-20	1.401e-45	1.401e-45	1.401e-45	0.7521	0.9795	0.752	0.0001171	0.0001181	0.9816	0.9734	1.401e-45	1.401e-45	1.401e-45	1.401e-45	1.401e-45	1.401e-45	1.401e-45	1.401e-45	0.9816	0.9734	1.401e-45	1.401e-45	1.401e-45	1.401e-45	1.401e-45	1.401e-45	1.401e-45	1.401e-45	1.42e-08	1.42e-08	1.401e-45	1.401e-45	1.401e-45	1.401e-45	1.401e-45	1.401e-45	0.9789	0.9789	1.401e-45	1.401e-45	1.401e-45	1.401e-45	1.401e-45	2.949e-24	2.952e-24	2.949e-24	1.401e-45	1.401e-45	1.401e-45	1.401e-45	1.401e-45	1.401e-45	1.401e-45	1.401e-45	1.401e-45	1.401e-45	1.401e-45	1.401e-45	0.9789	0.9789	1.401e-45	1.401e-45	1.401e-45	1.401e-45	1.401e-45	1.401e-45	1.401e-45	1.401e-45	2.002
0	-1	7	Ignore_B_mnt_A_rew_0	1	2.391	0.2391	-0.1147	0	0	0.01	1.495e-05	0.007167	0.291	0.95	0.291	0.007167	1.495e-05	2.638e-09	3.943e-14	4.989e-20	1.377e-10	5.116e-08	3.27e-08	0.0001297	0.8523	4.54e-08	0.002487	0.7367	1.1e-06	0.794	0.9805	0.983	0.9562	2.915e-43	0.01014	5.199e-43	0.01316	0.9813	5.189e-36	5.145e-36	0.752	0.9794	0.752	9.049e-05	0.0001179	9.048e-05	2.455e-20	2.476e-20	5.189e-36	5.145e-36	0.752	0.9794	0.752	9.049e-05	0.0001179	9.048e-05	2.455e-20	2.476e-20	0.9816	0.9734	1.401e-45	1.401e-45	1.401e-45	1.401e-45	1.401e-45	1.401e-45	1.401e-45	1.401e-45	0.9816	0.9734	1.401e-45	1.401e-45	1.401e-45	1.401e-45	1.401e-45	1.401e-45	1.401e-45	1.401e-45	2.977e-24	2.977e-24	1.401e-45	1.401e-45	1.401e-45	0.9681	0.9692	0.9681	1.417e-08	1.417e-08	1.401e-45	1.401e-45	1.401e-45	1.401e-45	1.401e-45	6.181e-40	6.188e-40	6.18e-40	1.401e-45	1.401e-45	1.401e-45	1.401e-45	1.401e-45	1.401e-45	1.401e-45	1.401e-45	1.401e-45	1.401e-45	1.401e-45	1.401e-45	0.9789	0.9789	1.401e-45	1.401e-45	1.401e-45	1.401e-45	1.401e-45	1.401e-45	1.401e-45	1.401e-45	2.198
0	-1	8	Recall_A_mnt_@_rew_0	1	1.301	0.1301	0.3584	0	0	0.01	1.215e-20	1.215e-20	1.215e-20	1.215e-20	1.215e-20	1.215e-20	1.215e-20	1.215e-20	1.215e-20	1.215e-20	0.6811	4.697e-09	0.7826	0.008117	6.695e-05	2.296e-09	6.526e-09	2.372e-07	0.003837	0.8362	0.9785	0.9763	0.8658	0.9842	0.977	1.401e-45	2.33e-12	2.857e-11	1.401e-45	1.401e-45	9.049e-05	0.0001179	9.049e-05	1.897e-20	2.471e-20	1.897e-20	5.145e-36	5.189e-36	1.401e-45	1.401e-45	9.049e-05	0.0001179	9.049e-05	1.897e-20	2.471e-20	1.897e-20	5.145e-36	5.189e-36	0.0001406	0.0001171	1.401e-45	1.401e-45	1.401e-45	1.401e-45	1.401e-45	1.401e-45	1.401e-45	1.401e-45	0.9816	0.9734	1.401e-45	1.401e-45	1.401e-45	1.401e-45	1.401e-45	1.401e-45	1.401e-45	1.401e-45	6.24e-40	6.239e-40	0.9681	0.9692	0.9681	1.402e-08	1.403e-08	1.402e-08	2.971e-24	2.971e-24	1.401e-45	1.401e-45	0.9717	0.973	0.9717	1.401e-45	1.401e-45	1.401e-45	1.401e-45	1.401e-45	1.401e-45	1.401e-45	1.401e-45	1.401e-45	1.401e-45	1.401e-45	1.401e-45	1.401e-45	1.401e-45	1.401e-45	1.418e-08	1.418e-08	1.401e-45	1.401e-45	1.401e-45	1.401e-45	1.401e-45	1.401e-45	1.401e-45	1.401e-45	1.318
0	-1	9	Ignore_B_mnt_@_rew_0	1	2.077	0.2077	-0.3091	0	0	0.01	1.495e-05	0.007167	0.291	0.95	0.291	0.007167	1.495e-05	2.638e-09	3.943e-14	4.989e-20	1.249e-08	2.621e-07	1.582e-08	1.732e-09	0.2839	5.416e-09	0.6417	0.6698	4.782e-08	0.5607	0.9805	0.9829	0.9561	2.594e-11	0.0106	1.401e-45	0.008869	0.9811	1.401e-45	1.401e-45	0.7521	0.9795	0.7521	3.976e-36	5.178e-36	3.975e-36	1.401e-45	1.401e-45	1.401e-45	1.401e-45	0.7521	0.9795	0.7521	3.976e-36	5.178e-36	3.975e-36	1.401e-45	1.401e-45	2.947e-20	2.455e-20	1.401e-45	1.401e-45	1.401e-45	1.401e-45	1.401e-45	1.401e-45	1.401e-45	1.401e-45	0.9816	0.9734	1.401e-45	1.401e-45	1.401e-45	1.401e-45	1.401e-45	1.401e-45	1.401e-45	1.401e-45	1.401e-45	1.401e-45	1.402e-08	1.403e-08	1.402e-08	2.938e-24	2.941e-24	2.938e-24	6.226e-40	6.226e-40	1.401e-45	1.401e-45	1.407e-08	1.409e-08	1.407e-08	1.401e-45	1.401e-45	1.401e-45	1.401e-45	1.401e-45	1.401e-45	1.401e-45	1.401e-45	1.401e-45	1.401e-45	1.401e-45	1.401e-45	1.401e-45	1.401e-45	1.401e-45	0.981	0.981	1.401e-45	1.401e-45	1.401e-45	1.401e-45	1.401e-45	1.401e-45	1.401e-45	1.401e-45	2.276
0	-1	10	Ignore_B_mnt_@_rew_0	1	2.31	0.231	-0.241	0	0	0.01	1.495e-05	0.007167	0.291	0.95	0.291	0.007167	1.495e-05	2.638e-09	3.943e-14	4.989e-20	2.75e-07	0.0006043	0.19	2.117e-06	0.04279	2.286e-11	0.01204	0.7537	2.808e-05	0.916	0.9805	0.983	0.9562	5.437e-27	0.009192	1.401e-45	0.009934	0.9813	1.401e-45	1.401e-45	0.7521	0.9796	0.752	1.401e-45	1.401e-45	1.401e-45	1.401e-45	1.401e-45	1.401e-45	1.401e-45	0.7521	0.9796	0.752	1.401e-45	1.401e-45	1.401e-45	1.401e-45	1.401e-45	6.176e-36	5.145e-36	1.401e-45	1.401e-45	1.401e-45	1.401e-45	1.401e-45	1.401e-45	1.401e-45	1.401e-45	0.9816	0.9734	1.401e-45	1.401e-45	1.401e-45	1.401e-45	1.401e-45	1.401e-45	1.401e-45	1.401e-45	1.401e-45	1.401e-45	0.9681	0.9692	0.9681	6.157e-40	6.164e-40	6.157e-40	1.401e-45	1.401e-45	1.401e-45	1.401e-45	2.949e-24	2.952e-24	2.949e-24	1.401e-45	1.401e-45	1.401e-45	1.401e-45	1.401e-45	1.401e-45	1.401e-45	1.401e-45	1.401e-45	1.401e-45	1.401e-45	1.401e-45	1.401e-45	1.401e-45	1.401e-45	0.9789	0.9789	1.401e-45	1.401e-45	1.401e-45	1.401e-45	1.401e-45	1.401e-45	1.401e-45	1.401e-45	2.491
0	-1	11	Ignore_C_mnt_@_rew_0	1	2.085	0.2085	-0.02747	0	0	0.01	4.989e-20	3.943e-14	2.638e-09	1.495e-05	0.007167	0.291	0.95	0.291	0.007167	1.495e-05	1.358e-06	0.0003522	0.01096	1.039e-06	0.04707	6.014e-12	0.004413	0.8757	0.0003226	0.9213	0.9805	0.983	0.9562	1.139e-42	0.009581	1.401e-45	0.01939	0.9813	1.401e-45	1.401e-45	9.049e-05	0.0001179	9.049e-05	0.7521	0.9794	0.752	1.401e-45	1.401e-45	1.401e-45	1.401e-45	9.049e-05	0.0001179	9.049e-05	0.7521	0.9794	0.752	1.401e-45	1.401e-45	1.401e-45	1.401e-45	1.401e-45	1.401e-45	1.401e-45	1.401e-45	1.401e-45	1.401e-45	1.401e-45	1.401e-45	0.9816	0.9734	1.401e-45	1.401e-45	1.401e-45	1.401e-45	1.401e-45	1.401e-45	1.401e-45	1.401e-45	1.401e-45	1.401e-45	0.9681	0.9692	0.9681	1.401e-45	1.401e-45	1.401e-45	1.401e-45	1.401e-45	1.401e-45	1.401e-45	6.181e-40	6.188e-40	6.18e-40	1.401e-45	1.401e-45	1.401e-45	1.401e-45	1.401e-45	1.401e-45	1.401e-45	1.401e-45	1.401e-45	1.401e-45	1.401e-45	1.401e-45	1.401e-45	1.401e-45	1.401e-45	0.9789	0.9789	1.401e-45	1.401e-45	1.401e-45	1.401e-45	1.401e-45	1.401e-45	1.401e-45	1.401e-45	2.675
0	-1	12	Store_B_mnt_B_rew_0	1	1.958	0.1958	-0.143	0	0	0.01	1.495e-05	0.007167	0.291	0.95	0.291	0.007167	1.495e-05	2.638e-09	3.943e-14	4.989e-20	0.009877	2.527e-10	0.002062	0.0159	0.6245	3.97e-08	0.7793	0.6912	6.765e-11	0.007095	0.9728	0.97	7.626e-12	0.9172	0.9631	0.969	2.328e-12	0.9747	1.401e-45	1.401e-45	0.752	0.9794	0.752	9.049e-05	0.0001179	9.048e-05	1.401e-45	1.401e-45	1.401e-45	1.401e-45	0.752	0.9794	0.752	9.049e-05	0.0001179	9.048e-05	1.401e-45	1.401e-45	1.401e-45	1.401e-45	0.7521	0.9795	0.7521	1.401e-45	1.401e-45	1.401e-45	1.401e-45	1.401e-45	0.0001181	0.0001171	0.752	0.9795	0.752	1.401e-45	1.401e-45	1.401e-45	1.401e-45	1.401e-45	1.401e-45	1.401e-45	1.402e-08	1.403e-08	1.402e-08	1.401e-45	1.401e-45	1.401e-45	1.401e-45	1.401e-45	1.401e-45	1.401e-45	1.401e-45	1.401e-45	1.401e-45	0.9717	0.973	0.9717	1.401e-45	1.401e-45	1.401e-45	1.401e-45	1.401e-45	1.401e-45	1.401e-45	1.401e-45	1.401e-45	1.401e-45	1.401e-45	1.401e-45	0.9789	0.9789	1.401e-45	1.401e-45	1.401e-45	1.401e-45	1.401e-45	1.401e-45	1.401e-45	1.401e-45	1.911
0	-1	13	Recall_B_mnt_@_rew_1	1	2.041	0.2041	-0.1169	1	1	0.01	1.215e-20	1.215e-20	1.215e-20	1.215e-20	1.215e-20	1.215e-20	1.215e-20	1.215e-20	1.215e-20	1.215e-20	0.6777	4.968e-09	0.7849	0.01136	6.666e-05	2.22e-09	6.671e-09	2.61e-07	0.003873	0.8373	0.9784	0.9763	0.8648	0.9842	0.9769	3.099e-11	4.88e-28	1.214e-11	1.401e-45	1.401e-45	9.049e-05	0.0001179	9.049e-05	1.897e-20	2.471e-20	1.897e-20	1.401e-45	1.401e-45	1.401e-45	1.401e-45	9.049e-05	0.0001179	9.049e-05	1.897e-20	2.471e-20	1.897e-20	1.401e-45	1.401e-45	1.401e-45	1.401e-45	9.049e-05	0.0001179	9.049e-05	1.401e-45	1.401e-45	1.401e-45	1.401e-45	1.401e-45	2.476e-20	2.455e-20	0.7521	0.9796	0.752	1.401e-45	1.401e-45	1.401e-45	1.401e-45	1.401e-45	1.401e-45	1.401e-45	0.9717	0.973	0.9717	1.401e-45	1.401e-45	1.401e-45	1.401e-45	1.401e-45	1.401e-45	1.401e-45	0.9681	0.9692	0.9681	1.407e-08	1.409e-08	1.407e-08	1.401e-45	1.401e-45	1.401e-45	1.401e-45	1.401e-45	1.401e-45	1.401e-45	1.401e-45	1.401e-45	1.401e-45	1.401e-45	1.401e-45	1.418e-08	1.418e-08	1.401e-45	1.401e-45	1.401e-45	1.401e-45	1.401e-45	1.401e-45	1.401e-45	1.401e-45	1.32
0	-1	14	Store_A_mnt_A_rew_1	1	2.208	0.2208	-0.2631	0	0	0.01	0.95	0.291	0.007167	1.495e-05	2.638e-09	3.943e-14	4.989e-20	5.344e-27	4.846e-35	0	1.854e-08	7.763e-07	4.288e-06	0.009904	0.3221	4.089e-09	4.551e-07	0.003444	0.8416	0.7727	0.9729	0.9701	6.336e-12	0.9126	0.9634	0.9691	1.023e-43	0.9748	0.9815	0.9731	1.897e-20	2.471e-20	1.897e-20	3.976e-36	5.178e-36	3.975e-36	1.401e-45	1.401e-45	0.9815	0.9731	1.897e-20	2.471e-20	1.897e-20	3.976e-36	5.178e-36	3.975e-36	1.401e-45	1.401e-45	0.9815	0.9731	1.897e-20	2.471e-20	1.897e-20	1.401e-45	1.401e-45	1.401e-45	1.401e-45	1.401e-45	0.9814	0.9731	9.049e-05	0.0001179	9.049e-05	1.401e-45	1.401e-45	1.401e-45	1.401e-45	1.401e-45	1.401e-45	1.401e-45	1.407e-08	1.409e-08	1.407e-08	1.401e-45	1.401e-45	1.401e-45	1.401e-45	1.401e-45	1.401e-45	1.401e-45	1.402e-08	1.403e-08	1.402e-08	2.949e-24	2.952e-24	2.949e-24	1.401e-45	1.401e-45	1.401e-45	1.401e-45	1.401e-45	1.401e-45	1.401e-45	1.401e-45	1.401e-45	1.401e-45	1.401e-45	1.401e-45	2.971e-24	2.971e-24	0.9717	0.973	0.9717	1.401e-45	1.401e-45	1.401e-45	1.401e-45	1.401e-45	2.578
0	-1	15	Recall_A_mnt_@_rew_0	1	1.659	0.1659	-0.1427	0	0	0.01	1.395e-19	1.395e-19	1.395e-19	1.395e-19	1.395e-19	1.395e-19	1.395e-19	1.395e-19	1.395e-19	1.395e-19	2.787e-05	0.3256	0.009885	8.328e-07	0.3919	4.984e-09	0.0007401	0.0001496	0.8695	0.06118	0.9784	0.9763	0.8648	0.9842	0.9769	3.102e-11	1.401e-45	1.217e-11	0.0001406	0.0001171	3.975e-36	5.178e-36	3.975e-36	1.401e-45	1.401e-45	1.401e-45	1.401e-45	1.401e-45	0.0001406	0.0001171	3.975e-36	5.178e-36	3.975e-36	1.401e-45	1.401e-45	1.401e-45	1.401e-45	1.401e-45	0.0001406	0.0001171	3.975e-36	5.178e-36	3.975e-36	1.401e-45	1.401e-45	1.401e-45	1.401e-45	1.401e-45	0.9816	0.9734	1.897e-20	2.471e-20	1.897e-20	1.401e-45	1.401e-45	1.401e-45	1.401e-45	1.401e-45	0.981	0.981	2.949e-24	2.952e-24	2.949e-24	1.401e-45	1.401e-45	1.401e-45	1.401e-45	1.401e-45	0.9789	0.9789	2.938e-24	2.941e-24	2.938e-24	6.181e-40	6.188e-40	6.18e-40	1.401e-45	1.401e-45	1.401e-45	1.401e-45	1.401e-45	1.401e-45	1.401e-45	1.401e-45	1.401e-45	1.401e-45	1.401e-45	1.401e-45	6.227e-40	6.227e-40	1.407e-08	1.409e-08	1.407e-08	1.401e-45	1.401e-45	1.401e-45	1.401e-45	1.401e-45	1.859
0	-1	16	Ignore_A_mnt_@_rew_0	1	2.397	0.2397	-0.2813	0	0	0.01	0.95	0.291	0.007167	1.495e-05	2.638e-09	3.943e-14	4.989e-20	5.344e-27	4.846e-35	0	1.586e-10	5.927e-07	1.68e-11	4.21e-11	0.6047	5.999e-09	0.01413	0.8491	3.277e-08	0.6383	0.9805	0.9829	0.9561	2.596e-11	0.0106	6.501e-27	0.008869	0.9811	0.9815	0.9732	1.401e-45	1.401e-45	1.401e-45	1.401e-45	1.401e-45	1.401e-45	1.401e-45	1.401e-45	0.9815	0.9732	1.401e-45	1.401e-45	1.401e-45	1.401e-45	1.401e-45	1.401e-45	1.401e-45	1.401e-45	2.947e-20	2.455e-20	1.401e-45	1.401e-45	1.401e-45	1.401e-45	1.401e-45	1.401e-45	1.401e-45	1.401e-45	0.9816	0.9734	3.975e-36	5.178e-36	3.975e-36	1.401e-45	1.401e-45	1.401e-45	1.401e-45	1.401e-45	1.665e-08	1.664e-08	6.181e-40	6.188e-40	6.18e-40	1.401e-45	1.401e-45	1.401e-45	1.401e-45	1.401e-45	1.418e-08	1.418e-08	6.157e-40	6.164e-40	6.157e-40	1.401e-45	1.401e-45	1.401e-45	1.401e-45	1.401e-45	1.401e-45	1.401e-45	1.401e-45	1.401e-45	1.401e-45	1.401e-45	1.401e-45	1.401e-45	1.401e-45	1.401e-45	0.981	0.981	2.949e-24	2.952e-24	2.949e-24	1.401e-45	1.401e-45	1.401e-45	1.401e-45	1.401e-45	2.248
0	-1	17	Store_B_mnt_B_rew_0	1	1.735	0.1735	-0.03557	0	0	0.01	1.495e-05	0.007167	0.291	0.95	0.291	0.007167	1.495e-05	2.638e-09	3.943e-14	4.989e-20	1.51e-07	0.001059	0.0008814	0.0004992	0.7907	1.743e-08	0.9129	0.01009	3.029e-05	0.002891	0.9728	0.97	7.58e-12	0.9172	0.9631	0.969	2.359e-12	0.9747	0.0001181	0.0001171	0.752	0.9795	0.752	1.401e-45	1.401e-45	1.401e-45	1.401e-45	1.401e-45	0.0001181	0.0001171	0.752	0.9795	0.752	1.401e-45	1.401e-45	1.401e-45	1.401e-45	1.401e-45	6.176e-36	5.145e-36	0.7521	0.9795	0.7521	1.401e-45	1.401e-45	1.401e-45	1.401e-45	1.401e-45	0.0001181	0.0001171	0.752	0.9795	0.752	1.401e-45	1.401e-45	1.401e-45	1.401e-45	1.401e-45	3.491e-24	3.488e-24	1.401e-45	1.401e-45	1.401e-45	1.401e-45	1.401e-45	1.401e-45	1.401e-45	1.401e-45	0.981	0.981	1.401e-45	1.401e-45	1.401e-45	1.401e-45	1.401e-45	1.401e-45	1.401e-45	1.401e-45	1.401e-45	1.401e-45	1.401e-45	1.401e-45	1.401e-45	1.401e-45	1.401e-45	1.401e-45	1.401e-45	1.401e-45	0.9789	0.9789	6.181e-40	6.188e-40	6.18e-40	1.401e-45	1.401e-45	1.401e-45	1.401e-45	1.401e-45	1.691
0	-1	18	Ignore_C_mnt_B_rew_0	1	2.311	0.2311	-0.222	0	0	0.01	4.989e-20	3.943e-14	2.638e-09	1.495e-05	0.007167	0.291	0.95	0.291	0.007167	1.495e-05	4.103e-09	2.335e-05	0.1529	0.0003103	0.01878	4.555e-13	4.4e-08	0.4815	0.795	0.8877	0.9804	0.9829	0.9559	6.659e-12	0.007758	1.183e-11	0.01989	0.9811	2.476e-20	2.455e-20	9.049e-05	0.0001179	9.049e-05	0.7521	0.9794	0.752	1.401e-45	1.401e-45	2.476e-20	2.455e-20	9.049e-05	0.0001179	9.049e-05	0.7521	0.9794	0.752	1.401e-45	1.401e-45	1.401e-45	1.401e-45	0.7521	0.9796	0.752	1.401e-45	1.401e-45	1.401e-45	1.401e-45	1.401e-45	2.476e-20	2.455e-20	0.7521	0.9796	0.752	1.401e-45	1.401e-45	1.401e-45	1.401e-45	1.401e-45	7.316e-40	7.31e-40	0.9717	0.973	0.9717	1.401e-45	1.401e-45	1.401e-45	1.401e-45	1.401e-45	1.665e-08	1.664e-08	1.401e-45	1.401e-45	1.401e-45	1.401e-45	1.401e-45	1.401e-45	1.401e-45	1.401e-45	1.401e-45	1.401e-45	1.401e-45	1.401e-45	1.401e-45	1.401e-45	1.401e-45	1.401e-45	1.401e-45	1.401e-45	1.417e-08	1.417e-08	0.9681	0.9692	0.9681	1.401e-45	1.401e-45	1.401e-45	1.401e-45	1.401e-45	2.593
0	-1	19	Ignore_C_mnt_B_rew_0	1	2.338	0.2338	-0.2396	0	0	0.01	4.989e-20	3.943e-14	2.638e-09	1.495e-05	0.007167	0.291	0.95	0.291	0.007167	1.495e-05	2.246e-12	1.807e-08	1.795e-06	0.004242	0.8168	1.349e-10	1.677e-08	0.5884	0.6963	0.5522	0.9805	0.983	0.9562	1.396e-27	0.01026	2.48e-27	0.01972	0.9813	5.189e-36	5.145e-36	1.897e-20	2.471e-20	1.897e-20	0.7521	0.9796	0.752	1.401e-45	1.401e-45	5.189e-36	5.145e-36	1.897e-20	2.471e-20	1.897e-20	0.7521	0.9796	0.752	1.401e-45	1.401e-45	1.401e-45	1.401e-45	0.7521	0.9796	0.752	1.401e-45	1.401e-45	1.401e-45	1.401e-45	1.401e-45	5.189e-36	5.145e-36	0.7521	0.9796	0.752	1.401e-45	1.401e-45	1.401e-45	1.401e-45	1.401e-45	1.401e-45	1.401e-45	1.407e-08	1.409e-08	1.407e-08	0.9681	0.9692	0.9681	1.401e-45	1.401e-45	3.491e-24	3.488e-24	1.401e-45	1.401e-45	1.401e-45	1.401e-45	1.401e-45	1.401e-45	1.401e-45	1.401e-45	1.401e-45	1.401e-45	1.401e-45	1.401e-45	1.401e-45	1.401e-45	1.401e-45	1.401e-45	1.401e-45	1.401e-45	2.971e-24	2.971e-24	0.9681	0.9692	0.9681	1.401e-45	1.401e-45	1.401e-45	1.401e-45	1.401e-45	2.252
